%YAML:1.0
---
ICP_ref_pts: !!opencv-matrix
   rows: 523
   cols: 2
   dt: f
   data: [ 392., 0., 1020., 2., 393., 5., 1020., 7., 393., 10., 1019.,
       12., 394., 15., 1018., 17., 394., 20., 1018., 22., 395., 25.,
       1018., 27., 395., 30., 1017., 32., 396., 35., 1017., 37., 396.,
       40., 1017., 42., 397., 45., 1017., 47., 397., 50., 1016., 52.,
       397., 55., 1015., 57., 398., 60., 1015., 62., 398., 65., 1014.,
       67., 399., 70., 1014., 72., 399., 75., 1013., 77., 400., 80.,
       1013., 82., 400., 85., 1013., 87., 401., 90., 1012., 92., 402.,
       95., 1012., 97., 402., 100., 1011., 102., 403., 105., 1011., 107.,
       404., 110., 1011., 112., 404., 115., 1010., 117., 405., 120.,
       1009., 122., 405., 125., 1009., 127., 406., 130., 1008., 132.,
       407., 135., 1008., 137., 408., 140., 1008., 142., 409., 145.,
       1007., 147., 409., 150., 1006., 152., 410., 155., 1006., 157.,
       411., 160., 1005., 162., 412., 165., 1005., 167., 413., 170.,
       1004., 172., 414., 175., 1004., 177., 415., 180., 1004., 182.,
       416., 185., 1004., 187., 416., 190., 1003., 192., 418., 195.,
       1002., 197., 418., 200., 1002., 202., 419., 205., 1001., 207.,
       420., 210., 1001., 212., 421., 215., 1001., 217., 422., 220.,
       1000., 222., 423., 225., 1000., 227., 424., 230., 999., 232.,
       425., 235., 998., 237., 426., 240., 998., 242., 427., 245., 997.,
       247., 428., 250., 997., 252., 430., 253., 1168., 253., 996., 254.,
       1177., 254., 1161., 255., 1155., 256., 1168., 256., 996., 257.,
       1153., 257., 1183., 257., 1167., 258., 431., 259., 1186., 259.,
       1145., 260., 1142., 261., 995., 262., 432., 263., 1194., 263.,
       1195., 264., 1139., 265., 1137., 266., 995., 267., 433., 268.,
       1202., 268., 1203., 269., 1134., 270., 1132., 271., 994., 272.,
       434., 273., 1208., 273., 1209., 274., 1210., 275., 1210., 276.,
       1127., 277., 1126., 278., 1125., 279., 1124., 280., 993., 281.,
       993., 282., 993., 283., 993., 284., 993., 285., 993., 286., 992.,
       287., 993., 288., 993., 289., 993., 290., 992., 291., 1113., 292.,
       1112., 293., 1219., 294., 440., 296., 440., 297., 440., 298.,
       440., 299., 441., 300., 441., 301., 991., 302., 1103., 303.,
       1101., 304., 1101., 305., 1218., 306., 1218., 307., 1218., 308.,
       1217., 309., 1217., 310., 1217., 311., 1217., 312., 1216., 313.,
       445., 315., 990., 316., 990., 317., 990., 318., 1088., 319.,
       1088., 320., 1087., 321., 1086., 322., 1085., 323., 1084., 324.,
       1083., 325., 1082., 326., 1081., 327., 1080., 328., 1079., 329.,
       1078., 330., 1077., 331., 1076., 332., 1075., 333., 1074., 334.,
       1073., 335., 1072., 336., 1070., 337., 1069., 338., 1068., 339.,
       999., 340., 1000., 341., 1001., 342., 1003., 343., 1064., 344.,
       1063., 345., 1005., 346., 1006., 347., 1008., 348., 1008., 349.,
       454., 350., 1208., 350., 1055., 351., 1052., 352., 1014., 353.,
       1050., 353., 1018., 354., 1023., 354., 1206., 354., 1206., 355.,
       1028., 356., 1038., 356., 1043., 356., 1035., 357., 1205., 358.,
       458., 361., 1204., 363., 459., 366., 1202., 368., 460., 371.,
       1201., 373., 462., 376., 1199., 378., 464., 381., 1198., 383.,
       465., 386., 1196., 388., 467., 391., 468., 393., 1193., 395.,
       470., 398., 1191., 400., 471., 403., 1190., 405., 473., 408.,
       1188., 410., 1188., 412., 476., 415., 1186., 417., 477., 420.,
       1184., 422., 479., 425., 1182., 427., 481., 430., 483., 432.,
       1180., 434., 484., 437., 1178., 439., 486., 442., 1176., 444.,
       488., 447., 1174., 449., 490., 452., 1172., 454., 492., 457.,
       1170., 459., 494., 462., 1168., 464., 496., 467., 1166., 469.,
       498., 472., 1164., 474., 501., 477., 1162., 479., 503., 482.,
       1160., 484., 505., 487., 1158., 489., 507., 492., 509., 494.,
       1155., 496., 511., 499., 1154., 501., 513., 504., 515., 506.,
       1150., 508., 517., 511., 1148., 513., 519., 516., 520., 518.,
       1145., 520., 523., 523., 1143., 525., 525., 528., 1141., 530.,
       528., 533., 1138., 535., 530., 538., 1137., 540., 532., 543.,
       1134., 545., 535., 548., 1132., 550., 538., 553., 1130., 555.,
       540., 558., 1128., 559., 544., 561., 1126., 563., 546., 566.,
       548., 568., 1123., 570., 1122., 572., 1122., 574., 553., 577.,
       555., 579., 1118., 581., 1117., 583., 1116., 585., 560., 588.,
       562., 590., 563., 592., 564., 594., 566., 596., 567., 598., 1110.,
       599., 570., 602., 571., 604., 1106., 606., 1105., 608., 575.,
       611., 577., 613., 1102., 615., 1101., 617., 1100., 619., 1098.,
       621., 584., 624., 586., 626., 1096., 628., 588., 631., 1094.,
       632., 1093., 634., 1092., 636., 595., 638., 1090., 640., 1089.,
       642., 1088., 644., 600., 647., 1086., 648., 1085., 650., 1084.,
       652., 606., 655., 608., 657., 1081., 658., 611., 660., 1078.,
       662., 1077., 664., 615., 666., 616., 668., 618., 670., 619., 672.,
       1073., 673., 1072., 675., 623., 678., 1070., 679., 1069., 681.,
       1068., 683., 627., 686., 1066., 686., 1065., 688., 1064., 690.,
       636., 692., 637., 694., 639., 696., 640., 698., 1059., 699.,
       1058., 701., 645., 703., 646., 705., 1055., 706., 1053., 708.,
       650., 710., 1052., 711., 654., 713., 1050., 714., 1049., 716.,
       1048., 718., 659., 721., 1045., 722., 662., 724., 664., 726.,
       665., 728., 1042., 729., 669., 731., 1040., 732., 672., 734.,
       674., 736., 676., 738., 677., 740., 1035., 741., 680., 743.,
       1034., 744., 684., 746., 685., 748., 687., 749., 1030., 750.,
       690., 752., 1028., 753., 693., 755., 694., 757., 1025., 758.,
       697., 761., 1023., 762., 700., 764., 1021., 765., 703., 767.,
       1019., 768., 707., 770., 1018., 771., 711., 773., 1016., 774.,
       714., 776., 1014., 777., 717., 779., 718., 781., 720., 782., 721.,
       784., 723., 785., 724., 787., 727., 788., 728., 790., 730., 792.,
       1004., 793., 734., 795., 735., 797., 737., 798., 738., 800., 999.,
       801., 743., 803., 998., 804., 746., 806., 996., 807., 750., 809.,
       751., 811., 992., 812., 755., 814., 991., 815., 759., 817., 761.,
       819., 763., 820., 764., 822., 986., 823., 768., 825., 984., 826.,
       772., 828., 983., 829., 774., 831., 980., 832., 779., 834., 979.,
       835., 782., 837., 976., 838., 785., 840., 974., 841., 789., 843.,
       972., 844., 794., 846., 971., 847., 797., 849., 799., 851., 967.,
       852., 803., 854., 965., 855., 806., 857., 963., 858., 810., 860.,
       961., 861., 961., 862., 816., 864., 959., 865., 819., 867., 821.,
       869., 823., 871., 954., 872., 826., 874., 952., 875., 951., 877.,
       831., 879., 832., 881., 834., 882., 946., 884., 946., 885., 838.,
       887., 839., 889., 840., 891., 842., 892., 843., 894., 939., 895.,
       937., 897., 935., 899., 847., 901., 849., 903., 931., 905., 930.,
       907., 930., 909., 928., 911., 854., 913., 925., 915., 856., 917.,
       858., 919., 859., 921., 861., 923., 862., 925., 919., 926., 864.,
       928., 866., 929., 914., 930., 914., 931., 870., 933., 872., 934.,
       907., 935., 906., 936., 904., 937., 882., 938., 883., 939., 888.,
       939., 893., 939. ]
